Reacoes de apoio [N]
[[3900.00001172]
 [2899.99998599]
 [1599.99998443]]

Deslocamentos [m]
[[ 0.        ]
 [ 0.        ]
 [ 0.00100474]
 [-0.00431173]
 [ 0.00035977]
 [-0.00466313]
 [ 0.00025974]
 [-0.00443928]
 [ 0.00055859]
 [-0.00463759]
 [-0.00032427]
 [-0.00424778]
 [ 0.00116451]
 [ 0.        ]]

Deformacoes []
[-0.00639516 -0.00449315 -0.00377645 -0.00352836 -0.00075561  0.00075561
  0.00191125 -0.00191125  0.00187379  0.00103552  0.00315587]

Forcas internas [N]
[-6484.59710343 -4555.98847475 -3829.2663797  -3577.70872919
  -766.17963395   766.17962953  1937.98380245 -1937.98381072
  1899.99996027  1049.99997239  3199.99996887]

Tensoes internas [Pa]
[-1.23516135e+09 -8.67807329e+08 -7.29384072e+08 -6.81468329e+08
 -1.45938978e+08  1.45938977e+08  3.69139772e+08 -3.69139773e+08
  3.61904754e+08  1.99999995e+08  6.09523804e+08]